### The number of states followed by alphabet size, followed by pi(initial probability), a(transition matrix) and b(emission matrix)
11 11
0.000000
0.000000
0.000000
0.000000
0.000000
1.000000
0.000000
0.000000
0.000000
0.000000
0.000000
0.000003 0.000000 0.000000 0.000000 0.003793 0.053936 0.246644 0.691288 0.000000 0.004336 0.000000 
0.000000 0.000000 0.723112 0.000000 0.000226 0.000000 0.276661 0.000001 0.000000 0.000000 0.000000 
0.000000 0.000000 0.000000 0.000000 0.000000 0.000000 0.000000 0.285251 0.000000 0.714711 0.000037 
0.556734 0.167602 0.000000 0.000001 0.000000 0.000000 0.135915 0.000000 0.026837 0.068053 0.044858 
0.000000 0.000000 0.000000 0.000000 0.000000 0.035292 0.000000 0.000000 0.964708 0.000000 0.000000 
0.000000 0.000000 0.206178 0.789151 0.000000 0.000000 0.000000 0.004671 0.000000 0.000000 0.000000 
0.040562 0.000000 0.000000 0.000000 0.709645 0.000000 0.000000 0.000000 0.000000 0.000000 0.249793 
0.000000 0.000000 0.000000 0.000000 0.186018 0.000000 0.000000 0.000000 0.195029 0.559522 0.059432 
0.000000 0.029633 0.000000 0.970367 0.000000 0.000000 0.000000 0.000000 0.000000 0.000000 0.000000 
0.000000 0.000000 0.039345 0.303872 0.000000 0.000000 0.000000 0.000000 0.544333 0.000003 0.112448 
0.000000 0.000000 0.000000 0.000000 0.000000 1.000000 0.000000 0.000000 0.000000 0.000000 0.000000 
0.111297 0.000000 0.000004 0.000006 0.283242 0.000000 0.466162 0.050285 0.089004 0.000000 0.000000 
0.141455 0.082303 0.359417 0.252482 0.000000 0.000000 0.000376 0.000000 0.163967 0.000000 0.000000 
0.000000 0.122738 0.112681 0.000000 0.000000 0.343404 0.000000 0.000000 0.035232 0.315891 0.070054 
0.147344 0.000000 0.099143 0.000000 0.100460 0.023146 0.494124 0.093149 0.016084 0.026550 0.000000 
0.000000 0.000000 0.000000 0.435451 0.000000 0.175905 0.000000 0.000000 0.305111 0.000000 0.083533 
0.000000 0.000000 0.000000 0.000000 1.000000 0.000000 0.000000 0.000000 0.000000 0.000000 0.000000 
0.000001 0.470193 0.131436 0.040043 0.149015 0.000000 0.000000 0.120033 0.063630 0.000000 0.025650 
0.150317 0.000000 0.000002 0.295229 0.000000 0.256209 0.120303 0.000000 0.177940 0.000000 0.000000 
0.042760 0.235466 0.068609 0.174335 0.000000 0.000000 0.129004 0.073619 0.127578 0.058283 0.090348 
0.228822 0.000003 0.000000 0.000000 0.000000 0.327543 0.000000 0.000000 0.173304 0.270329 0.000000 
0.116647 0.082711 0.000000 0.073653 0.000000 0.165985 0.000000 0.153854 0.407150 0.000000 0.000000 
