### The number of states followed by alphabet size, followed by pi(initial probability), a(transition matrix) and b(emission matrix)
11 11
0.000000
0.000000
0.000000
0.000000
0.000000
1.000000
0.000000
0.000000
0.000000
0.000000
0.000000
0.000000 0.000000 0.000000 0.000000 0.000000 0.284974 0.234491 0.000000 0.074124 0.406411 0.000000 
0.337363 0.001332 0.000000 0.000000 0.000000 0.474850 0.000000 0.000000 0.086004 0.100450 0.000000 
0.000000 0.493480 0.000000 0.000000 0.330870 0.000000 0.000000 0.000000 0.000000 0.000000 0.175650 
0.000000 0.000000 0.000000 0.000000 0.000000 0.101003 0.000000 0.398318 0.032134 0.000000 0.468545 
0.000000 0.000000 0.284816 0.000000 0.000000 0.570980 0.076757 0.000000 0.000000 0.000000 0.067448 
0.000000 0.000000 0.000000 0.416061 0.379251 0.204688 0.000000 0.000000 0.000000 0.000000 0.000000 
0.000000 0.602960 0.000000 0.000000 0.000000 0.000000 0.000000 0.000000 0.397040 0.000000 0.000000 
0.000000 0.000000 0.363780 0.000000 0.000000 0.000000 0.000000 0.000000 0.635547 0.000000 0.000674 
0.140134 0.000000 0.000000 0.236408 0.000000 0.000000 0.250551 0.249430 0.123478 0.000000 0.000000 
0.000000 0.000000 0.000000 0.452835 0.000000 0.000000 0.000000 0.000000 0.000000 0.000000 0.547165 
0.000000 0.080597 0.000000 0.000000 0.000000 0.000000 0.221723 0.000000 0.107866 0.108807 0.481008 
0.045204 0.123585 0.000000 0.000000 0.000000 0.000000 0.000000 0.000000 0.831211 0.000000 0.000000 
0.018706 0.219619 0.000000 0.000000 0.000000 0.109524 0.000000 0.463499 0.085180 0.000000 0.103472 
0.000000 0.213953 0.000000 0.000000 0.062721 0.000000 0.000000 0.096908 0.570361 0.000000 0.056057 
0.000000 0.000000 0.754843 0.108711 0.000000 0.109806 0.000000 0.026639 0.000000 0.000000 0.000000 
0.000000 0.000000 0.000000 0.000000 0.800000 0.000000 0.127597 0.000000 0.000000 0.000000 0.072403 
0.019131 0.102584 0.000000 0.000000 0.115649 0.382663 0.033100 0.210090 0.000000 0.136782 0.000000 
0.165836 0.000000 0.000000 0.299780 0.000000 0.141714 0.392670 0.000000 0.000000 0.000000 0.000000 
0.000000 0.000000 0.344891 0.000000 0.000000 0.158398 0.336482 0.000000 0.087690 0.072539 0.000000 
0.000000 0.000000 0.209185 0.374694 0.297067 0.000000 0.000000 0.000000 0.000000 0.039359 0.079695 
0.000000 0.000000 0.383339 0.000000 0.000000 0.000000 0.000000 0.000000 0.341587 0.275075 0.000000 
0.000000 0.145266 0.000000 0.000000 0.000000 0.000000 0.530116 0.055623 0.000000 0.268995 0.000000 
